150010
150013
150020
150030
150034
150040
150050
150060
150070
150080
150085
150090
150095
150100
150110
150120
150125
150130
150140
150145
150150
150157
150160
150170
150172
150175
150178
150180
150190
150195
150200
150210
150215
150220
150230
150240
150250
150260
150270
150275
150276
150277
150280
150285
150290
150293
150295
150300
150304
150307
150309
150310
150320
150330
150340
150345
150350
150360
150370
150375
150380
150390
150400
150405
150410
150420
150430
150440
150442
150445
150450
150460
150470
150475
150480
150490
150495
150497
150500
150503
150506
150510
150520
150530
150540
150543
150548
150549
150550
150553
150555
150560
150563
150565
150570
150580
150590
150600
150610
150611
150613
150616
150618
150619
150620
150630
150635
150640
150650
150655
150658
150660
150670
150680
150690
150700
150710
150715
150720
150730
150740
150745
150746
150747
150750
150760
150770
150775
150780
150790
150795
150796
150797
150800
150803
150805
150808
150810
150812
150815
150820
150830
150835
150840