170025
170030
170035
170040
170070
170100
170105
170110
170130
170190
170200
170210
170215
170220
170230
170240
170255
170270
170290
170300
170305
170307
170310
170320
170330
170360
170370
170380
170382
170384
170386
170388
170389
170390
170410
170460
170510
170550
170555
170560
170600
170610
170625
170650
170700
170710
170720
170730
170740
170755
170765
170770
170820
170825
170830
170900
170930
170950
170980
171050
171070
171090
171110
171150
171180
171190
171195
171200
171215
171240
171245
171250
171270
171280
171320
171330
171360
171370
171380
171395
171420
171430
171488
171500
171510
171515
171525
171550
171570
171575
171610
171620
171630
171650
171660
171665
171670
171700
171720
171750
171780
171790
171800
171820
171830
171840
171845
171850
171855
171865
171870
171875
171880
171884
171886
171888
171889
171890
171900
172000
172010
172015
172020
172025
172030
172049
172065
172080
172085
172090
172093
172097
172100
172110
172120
172125
172130
172208
172210