210005
210010
210015
210020
210030
210040
210043
210047
210050
210055
210060
210070
210080
210083
210087
210090
210095
210100
210110
210120
210125
210130
210135
210140
210150
210160
210170
210173
210177
210180
210190
210193
210197
210200
210203
210207
210210
210215
210220
210230
210232
210235
210237
210240
210250
210255
210260
210270
210275
210280
210290
210300
210310
210312
210315
210317
210320
210325
210330
210340
210350
210355
210360
210370
210375
210380
210390
210400
210405
210407
210408
210409
210410
210420
210430
210440
210450
210455
210460
210462
210465
210467
210470
210480
210490
210500
210510
210515
210520
210530
210535
210540
210542
210545
210547
210550
210560
210565
210570
210580
210590
210592
210594
210596
210598
210600
210610
210620
210630
210632
210635
210637
210640
210650
210660
210663
210667
210670
210675
210680
210690
210700
210710
210720
210725
210730
210735
210740
210745
210750
210760
210770
210780
210790
210800
210805
210810
210820
210825
210830
210840
210845
210850
210860
210870
210880
210890
210900
210905
210910
210920
210923
210927
210930
210940
210945
210950
210955
210960
210970
210975
210980
210990
211000
211003
211010
211020
211023
211027
211030
211040
211050
211060
211065
211070
211080
211085
211090
211100
211102
211105
211107
211110
211120
211125
211130
211140
211150
211153
211157
211160
211163
211167
211170
211172
211174
211176
211178
211180
211190
211195
211200
211210
211220
211223
211227
211230
211240
211245
211250
211260
211270
211280
211285
211290
211300
211400