220005
220010
220020
220025
220027
220030
220040
220045
220050
220060
220070
220080
220090
220095
220100
220105
220110
220115
220117
220120
220130
220140
220150
220155
220157
220160
220170
220173
220177
220180
220190
220191
220192
220194
220196
220198
220200
220202
220205
220207
220208
220209
220210
220211
220213
220217
220220
220225
220230
220240
220245
220250
220253
220255
220260
220265
220270
220271
220272
220273
220275
220277
220280
220285
220290
220300
220310
220320
220323
220325
220327
220330
220335
220340
220342
220345
220350
220360
220370
220375
220380
220385
220390
220400
220410
220415
220420
220430
220435
220440
220450
220455
220460
220465
220470
220480
220490
220500
220510
220515
220520
220525
220527
220530
220535
220540
220545
220550
220551
220552
220553
220554
220555
220556
220557
220558
220559
220560
220570
220580
220585
220590
220595
220600
220605
220610
220620
220630
220635
220640
220650
220660
220665
220667
220669
220670
220672
220675
220680
220690
220695
220700
220710
220720
220730
220735
220740
220750
220755
220760
220770
220775
220777
220779
220780
220785
220790
220793
220795
220800
220810
220820
220830
220840
220850
220855
220860
220865
220870
220880
220885
220887
220890
220900
220910
220915
220920
220930
220935
220937
220940
220945
220950
220955
220960
220965
220970
220975
220980
220985
220987
220990
220995
220997
221000
221005
221010
221020
221030
221035
221037
221038
221039
221040
221050
221060
221062
221063
221065
221070
221080
221090
221093
221095
221097
221100
221110
221120
221130
221135
221140
221150
221160
221170