230010
230015
230020
230030
230040
230050
230060
230070
230075
230080
230090
230100
230110
230120
230125
230130
230140
230150
230160
230170
230180
230185
230190
230195
230200
230205
230210
230220
230230
230240
230250
230260
230270
230280
230290
230300
230310
230320
230330
230340
230350
230360
230365
230370
230380
230390
230393
230395
230400
230410
230420
230423
230425
230426
230427
230428
230430
230435
230440
230445
230450
230460
230465
230470
230480
230490
230495
230500
230510
230520
230523
230526
230530
230533
230535
230540
230550
230560
230565
230570
230580
230590
230600
230610
230620
230625
230630
230640
230650
230655
230660
230670
230680
230690
230700
230710
230720
230725
230730
230740
230750
230760
230763
230765
230770
230780
230790
230800
230810
230820
230830
230835
230837
230840
230850
230860
230870
230880
230890
230900
230910
230920
230930
230940
230945
230950
230960
230970
230980
230990
231000
231010
231020
231025
231030
231040
231050
231060
231070
231080
231085
231090
231095
231100
231110
231120
231123
231126
231130
231135
231140
231150
231160
231170
231180
231190
231195
231200
231210
231220
231230
231240
231250
231260
231270
231280
231290
231300
231310
231320
231325
231330
231335
231340
231350
231355
231360
231370
231375
231380
231390
231395
231400
231410