260005
260010
260020
260030
260040
260050
260060
260070
260080
260090
260100
260105
260110
260120
260130
260140
260150
260160
260170
260180
260190
260200
260210
260220
260230
260240
260250
260260
260270
260280
260290
260300
260310
260320
260330
260340
260345
260350
260360
260370
260380
260390
260392
260400
260410
260415
260420
260430
260440
260450
260460
260470
260480
260490
260500
260510
260515
260520
260530
260540
260545
260550
260560
260570
260580
260590
260600
260610
260620
260630
260640
260650
260660
260670
260680
260690
260700
260710
260720
260730
260740
260750
260760
260765
260770
260775
260780
260790
260795
260800
260805
260810
260820
260825
260830
260840
260845
260850
260860
260870
260875
260880
260890
260900
260910
260915
260920
260930
260940
260950
260960
260970
260980
260990
261000
261010
261020
261030
261040
261050
261060
261070
261080
261090
261100
261110
261120
261130
261140
261150
261153
261160
261170
261180
261190
261200
261210
261220
261230
261240
261245
261247
261250
261255
261260
261270
261280
261290
261300
261310
261320
261330
261340
261350
261360
261370
261380
261390
261400
261410
261420
261430
261440
261450
261460
261470
261480
261485
261500
261510
261520
261530
261540
261550
261560
261570
261580
261590
261600
261610
261618
261620
261630
261640
261650