270010
270020
270030
270040
270050
270060
270070
270080
270090
270100
270110
270120
270130
270135
270140
270150
270160
270170
270180
270190
270200
270210
270220
270230
270235
270240
270250
270255
270260
270270
270280
270290
270300
270310
270320
270330
270340
270350
270360
270370
270375
270380
270390
270400
270410
270420
270430
270440
270450
270460
270470
270480
270490
270500
270510
270520
270530
270540
270550
270560
270570
270580
270590
270600
270610
270620
270630
270640
270642
270644
270650
270660
270670
270680
270690
270700
270710
270720
270730
270740
270750
270760
270770
270780
270790
270800
270810
270820
270830
270840
270850
270860
270870
270880
270890
270895
270900
270910
270915
270920
270930
270940