280010
280020
280030
280040
280050
280060
280067
280070
280100
280110
280120
280130
280140
280150
280160
280170
280190
280200
280210
280220
280230
280240
280250
280260
280270
280280
280290
280300
280310
280320
280330
280340
280350
280360
280370
280380
280390
280400
280410
280420
280430
280440
280445
280450
280460
280470
280480
280490
280500
280510
280520
280530
280540
280550
280560
280570
280580
280590
280600
280610
280620
280630
280640
280650
280660
280670
280680
280690
280700
280710
280720
280730
280740
280750
280760