290010
290020
290030
290035
290040
290050
290060
290070
290080
290090
290100
290110
290115
290120
290130
290135
290140
290150
290160
290170
290180
290190
290195
290200
290205
290210
290220
290225
290230
290240
290250
290260
290265
290270
290280
290290
290300
290310
290320
290323
290327
290330
290340
290350
290360
290370
290380
290390
290395
290400
290405
290410
290420
290430
290440
290450
290460
290470
290475
290480
290485
290490
290500
290510
290515
290520
290530
290540
290550
290560
290570
290580
290590
290600
290610
290620
290630
290640
290650
290660
290670
290680
290682
290685
290687
290689
290690
290700
290710
290720
290730
290740
290750
290755
290760
290770
290780
290790
290800
290810
290820
290830
290840
290850
290860
290870
290880
290890
290900
290910
290920
290930
290940
290950
290960
290970
290980
290990
291000
291005
291010
291020
291030
291040
291050
291060
291070
291072
291075
291077
291080
291085
291090
291100
291110
291120
291125
291130
291140
291150
291160
291165
291170
291180
291185
291190
291200
291210
291220
291230
291240
291250
291260
291270
291280
291290
291300
291310
291320
291330
291340
291345
291350
291360
291370
291380
291390
291400
291410
291420
291430
291440
291450
291460
291465
291470
291480
291490
291500
291510
291520
291530
291535
291540
291550
291560
291570
291580
291590
291600
291610
291620
291630
291640
291650
291660
291670
291680
291685
291690
291700
291710
291720
291730
291733
291735
291740
291750
291760
291770
291780
291790
291800
291810
291820
291830
291835
291840
291845
291850
291855
291860
291870
291875
291880
291890
291900
291905
291910
291915
291920
291930
291940
291950
291955
291960
291970
291980
291990
291992
291995
292000
292010
292020
292030
292040
292045
292050
292060
292070
292080
292090
292100
292105
292110
292120
292130
292140
292145
292150
292160
292170
292180
292190
292200
292205
292210
292220
292225
292230
292240
292250
292260
292265
292270
292273
292275
292280
292285
292290
292300
292303
292305
292310
292320
292330
292335
292340
292350
292360
292370
292380
292390
292400
292405
292410
292420
292430
292440
292450
292460
292465
292467
292470
292480
292490
292500
292510
292520
292525
292530
292540
292550
292560
292570
292575
292580
292590
292593
292595
292600
292610
292620
292630
292640
292650
292660
292665
292670
292680
292690
292700
292710
292720
292730
292740
292750
292760
292770
292780
292790
292800
292805
292810
292820
292830
292840
292850
292860
292870
292880
292890
292895
292900
292905
292910
292920
292925
292930
292935
292937
292940
292950
292960
292970
292975
292980
292990
293000
293010
293015
293020
293030
293040
293050
293060
293070
293075
293076
293077
293080
293090
293100
293105
293110
293120
293130
293135
293140
293150
293160
293170
293180
293190
293200
293210
293220
293230
293240
293245
293250
293260
293270
293280
293290
293300
293305
293310
293315
293317
293320
293325
293330
293340
293345
293350
293360