310010
310020
310030
310040
310050
310060
310070
310080
310090
310100
310110
310120
310130
310140
310150
310160
310163
310170
310180
310190
310200
310205
310210
310220
310230
310240
310250
310260
310270
310280
310285
310290
310300
310310
310320
310330
310340
310350
310360
310370
310375
310380
310390
310400
310410
310420
310430
310440
310445
310450
310460
310470
310480
310490
310500
310510
310520
310530
310540
310550
310560
310570
310590
310600
310610
310620
310630
310640
310650
310660
310665
310670
310680
310690
310700
310710
310720
310730
310740
310750
310760
310770
310780
310790
310800
310810
310820
310825
310830
310840
310850
310855
310860
310870
310880
310890
310900
310910
310920
310925
310930
310940
310945
310950
310960
310970
310980
310990
311000
311010
311020
311030
311040
311050
311060
311070
311080
311090
311100
311110
311115
311120
311130
311140
311150
311160
311170
311180
311190
311200
311205
311210
311220
311230
311240
311250
311260
311265
311270
311280
311290
311300
311310
311320
311330
311340
311350
311360
311370
311380
311390
311400
311410
311420
311430
311440
311450
311455
311460
311470
311480
311490
311500
311510
311520
311530
311535
311540
311545
311547
311550
311560
311570
311580
311590
311600
311610
311615
311620
311630
311640
311650
311660
311670
311680
311690
311700
311710
311720
311730
311740
311750
311760
311770
311780
311783
311787
311790
311800
311810
311820
311830
311840
311850
311860
311870
311880
311890
311900
311910
311920
311930
311940
311950
311960
311970
311980
311990
311995
312000
312010
312015
312020
312030
312040
312050
312060
312070
312080
312083
312087
312090
312100
312110
312120
312125
312130
312140
312150
312160
312170
312180
312190
312200
312210
312220
312230
312235
312240
312245
312247
312250
312260
312270
312280
312290
312300
312310
312320
312330
312340
312350
312352
312360
312370
312380
312385
312390
312400
312410
312420
312430
312440
312450
312460
312470
312480
312490
312500
312510
312520
312530
312540
312550
312560
312570
312580
312590
312595
312600
312610
312620
312630
312640
312650
312660
312670
312675
312680
312690
312695
312700
312705
312707
312710
312720
312730
312733
312735
312737
312738
312740
312750
312760
312770
312780
312790
312800
312810
312820
312825
312830
312840
312850
312860
312870
312880
312890
312900
312910
312920
312930
312940
312950
312960
312965
312970
312980
312990
313000
313005
313010
313020
313030
313040
313050
313055
313060
313065
313070
313080
313090
313100
313110
313115
313120
313130
313140
313150
313160
313170
313180
313190
313200
313210
313220
313230
313240
313250
313260
313270
313280
313290
313300
313310
313320
313330
313340
313350
313360
313370
313375
313380
313390
313400
313410
313420
313430
313440
313450
313460
313470
313480
313490
313500
313505
313507
313510
313520
313530
313535
313540
313545
313550
313560
313570
313580
313590
313600
313610
313620
313630
313640
313650
313652
313655
313657
313660
313665
313670
313680
313690
313695
313700
313710
313720
313730
313740
313750
313753
313760
313770
313780
313790
313800
313810
313820
313830
313835
313840
313850
313860
313862
313865
313867
313868
313870
313880
313890
313900
313910
313920
313925
313930
313940
313950
313960
313970
313980
313990
314000
314010
314015
314020
314030
314040
314050
314053
314055
314060
314070
314080
314085
314090
314100
314110
314120
314130
314140
314150
314160
314170
314180
314190
314200
314210
314220
314225
314230
314240
314250
314260
314270
314280
314290
314300
314310
314315
314320
314330
314340
314345
314350
314360
314370
314380
314390
314400
314410
314420
314430
314435
314437
314440
314450
314460
314465
314467
314470
314480
314490
314500
314505
314510
314520
314530
314535
314537
314540
314545
314550
314560
314570
314580
314585
314587
314590
314600
314610
314620
314625
314630
314640
314650
314655
314660
314670
314675
314690
314700
314710
314720
314730
314740
314750
314760
314770
314780
314790
314795
314800
314810
314820
314830
314840
314850
314860
314870
314875
314880
314890
314900
314910
314915
314920
314930
314940
314950
314960
314970
314980
314990
314995
315000
315010
315015
315020
315030
315040
315050
315053
315057
315060
315070
315080
315090
315100
315110
315120
315130
315140
315150
315160
315170
315180
315190
315200
315210
315213
315217
315220
315230
315240
315250
315260
315270
315280
315290
315300
315310
315320
315330
315340
315350
315360
315370
315380
315390
315400
315410
315415
315420
315430
315440
315445
315450
315460
315470
315480
315490
315500
315510
315520
315530
315540
315550
315560
315570
315580
315590
315600
315610
315620
315630
315640
315645
315650
315660
315670
315680
315690
315700
315710
315720
315725
315727
315730
315733
315737
315740
315750
315760
315765
315770
315780
315790
315800
315810
315820
315830
315840
315850
315860
315870
315880
315890
315895
315900
315910
315920
315930
315935
315940
315950
315960
315970
315980
315990
316000
316010
316020
316030
316040
316045
316050
316060
316070
316080
316090
316095
316100
316105
316110
316120
316130
316140
316150
316160
316165
316170
316180
316190
316200
316210
316220
316225
316230
316240
316245
316250
316255
316257
316260
316265
316270
316280
316290
316292
316294
316295
316300
316310
316320
316330
316340
316350
316360
316370
316380
316390
316400
316410
316420
316430
316440
316443
316447
316450
316460
316470
316480
316490
316500
316510
316520
316530
316540
316550
316553
316555
316556
316557
316560
316570
316580
316590
316600
316610
316620
316630
316640
316650
316660
316670
316680
316690
316695
316700
316710
316720
316730
316740
316750
316760
316770
316780
316790
316800
316805
316810
316820
316830
316840
316850
316860
316870
316880
316890
316900
316905
316910
316920
316930
316935
316940
316950
316960
316970
316980
316990
317000
317005
317010
317020
317030
317040
317043
317047
317050
317052
317057
317060
317065
317070
317075
317080
317090
317100
317103
317107
317110
317115
317120
317130
317140
317150
317160
317170
317180
317190
317200
317210
317220