320010
320013
320016
320020
320030
320035
320040
320050
320060
320070
320080
320090
320100
320110
320115
320120
320130
320140
320150
320160
320170
320180
320190
320200
320210
320220
320225
320230
320240
320245
320250
320255
320260
320265
320270
320280
320290
320300
320305
320310
320313
320316
320320
320330
320332
320334
320335
320340
320350
320360
320370
320380
320390
320400
320405
320410
320420
320425
320430
320435
320440
320450
320455
320460
320465
320470
320480
320490
320495
320500
320501
320503
320506
320510
320515
320517
320520
320530