330010
330015
330020
330022
330023
330025
330030
330040
330045
330050
330060
330070
330080
330090
330093
330095
330100
330110
330115
330120
330130
330140
330150
330160
330170
330180
330185
330187
330190
330200
330205
330210
330220
330225
330227
330230
330240
330245
330250
330260
330270
330280
330285
330290
330300
330310
330320
330330
330340
330350
330360
330370
330380
330385
330390
330395
330400
330410
330411
330412
330414
330415
330420
330430
330440
330450
330452
330455
330460
330470
330475
330480
330490
330500
330510
330513
330515
330520
330530
330540
330550
330555
330560
330570
330575
330580
330590
330600
330610
330615
330620
330630