410010
410020
410030
410040
410045
410050
410060
410070
410080
410090
410100
410105
410110
410115
410120
410130
410140
410150
410160
410165
410170
410180
410185
410190
410200
410210
410220
410230
410240
410250
410260
410270
410275
410280
410290
410300
410302
410304
410305
410310
410315
410320
410322
410330
410335
410337
410340
410345
410347
410350
410360
410370
410380
410390
410395
410400
410405
410410
410420
410425
410430
410440
410442
410445
410450
410460
410465
410470
410480
410490
410500
410510
410520
410530
410540
410550
410560
410570
410580
410590
410600
410610
410620
410630
410640
410645
410650
410655
410657
410660
410670
410680
410685
410690
410700
410710
410712
410715
410720
410725
410730
410740
410750
410752
410753
410754
410755
410760
410765
410770
410773
410775
410780
410785
410790
410800
410810
410820
410830
410832
410840
410845
410850
410855
410860
410865
410870
410880
410890
410895
410900
410910
410920
410930
410940
410950
410960
410965
410970
410975
410980
410990
411000
411005
411007
411010
411020
411030
411040
411050
411060
411065
411070
411080
411090
411095
411100
411110
411120
411125
411130
411140
411150
411155
411160
411170
411180
411190
411200
411210
411220
411230
411240
411250
411260
411270
411275
411280
411290
411295
411300
411310
411320
411325
411330
411340
411342
411345
411350
411360
411370
411373
411375
411380
411390
411400
411410
411420
411430
411435
411440
411450
411460
411470
411480
411490
411500
411510
411520
411530
411535
411540
411545
411550
411560
411570
411573
411575
411580
411585
411590
411600
411605
411610
411620
411630
411640
411650
411660
411670
411680
411690
411695
411700
411705
411710
411720
411721
411722
411725
411727
411729
411730
411740
411745
411750
411760
411770
411780
411790
411800
411810
411820
411830
411840
411845
411850
411860
411870
411880
411885
411890
411900
411910
411915
411920
411925
411930
411940
411950
411960
411965
411970
411980
411990
411995
412000
412010
412015
412020
412030
412033
412035
412040
412050
412060
412065
412070
412080
412085
412090
412100
412110
412120
412125
412130
412135
412140
412150
412160
412170
412175
412180
412190
412200
412210
412215
412217
412220
412230
412240
412250
412260
412265
412270
412280
412290
412300
412310
412320
412330
412340
412350
412360
412370
412380
412382
412385
412390
412395
412400
412402
412405
412410
412420
412430
412440
412450
412460
412470
412480
412490
412500
412510
412520
412530
412535
412540
412545
412550
412555
412560
412570
412575
412580
412590
412600
412610
412620
412625
412627
412630
412635
412640
412650
412660
412665
412667
412670
412680
412690
412700
412710
412720
412730
412740
412750
412760
412770
412780
412785
412788
412790
412795
412796
412800
412810
412820
412830
412840
412850
412853
412855
412860
412862
412863
412865
412870
412880