420005
420010
420020
420030
420040
420050
420055
420060
420070
420075
420080
420090
420100
420110
420120
420125
420127
420130
420140
420150
420160
420165
420170
420180
420190
420195
420200
420205
420207
420208
420209
420210
420213
420215
420220
420230
420240
420243
420245
420250
420253
420257
420260
420270
420280
420285
420287
420290
420300
420310
420315
420320
420325
420330
420340
420350
420360
420370
420380
420390
420395
420400
420410
420415
420417
420419
420420
420425
420430
420435
420440
420445
420450
420455
420460
420470
420475
420480
420490
420500
420510
420515
420517
420519
420520
420530
420535
420540
420543
420545
420550
420555
420560
420570
420580
420590
420600
420610
420620
420630
420640
420650
420660
420665
420670
420675
420680
420690
420700
420710
420720
420730
420740
420750
420757
420760
420765
420768
420770
420775
420780
420785
420790
420800
420810
420820
420830
420840
420845
420850
420860
420870
420880
420890
420895
420900
420910
420915
420917
420920
420930
420940
420945
420950
420960
420970
420980
420985
420990
421000
421003
421005
421010
421020
421030
421040
421050
421055
421060
421070
421080
421085
421090
421100
421105
421110
421120
421125
421130
421140
421145
421150
421160
421165
421170
421175
421180
421185
421187
421189
421190
421200
421205
421210
421220
421223
421225
421227
421230
421240
421250
421260
421265
421270
421280
421290
421300
421310
421315
421320
421330
421335
421340
421350
421360
421370
421380
421390
421400
421410
421415
421420
421430
421440
421450
421460
421470
421480
421490
421500
421505
421507
421510
421520
421530
421535
421540
421545
421550
421555
421560
421565
421567
421568
421569
421570
421575
421580
421590
421600
421605
421610
421620
421625
421630
421635
421640
421650
421660
421670
421680
421690
421700
421710
421715
421720
421725
421730
421740
421750
421755
421760
421770
421775
421780
421790
421795
421800
421810
421820
421825
421830
421835
421840
421850
421860
421870
421875
421880
421885
421890
421895
421900
421910
421915
421917
421920
421930
421935
421940
421950
421960
421970
421985
422000