430003
430005
430010
430020
430030
430040
430045
430047
430050
430055
430057
430060
430063
430064
430066
430070
430080
430085
430087
430090
430100
430107
430105
430120
430110
430130
430140
430150
430155
430160
430163
430165
430170
430175
430185
430187
430190
430192
430195
430180
430200
430205
430210
430215
430220
430222
430223
430225
430230
430235
430237
430240
430245
430250
430258
430260
430265
430270
430280
430290
430300
430310
430320
430330
430340
430350
430355
430360
430367
430370
430380
430390
430400
430410
430420
430430
430435
430440
430450
430460
430461
430462
430463
430465
430466
430468
430469
430467
430471
430470
430480
430485
430490
430495
430500
430510
430511
430512
430513
430515
430517
430520
430530
430535
430537
430540
430543
430544
430545
430550
430558
430560
430570
430580
430583
430585
430587
430590
430593
430595
430597
430600
430605
430607
430610
430613
430620
430630
430632
430635
430637
430640
430642
430645
430650
430660
430655
430670
430673
430675
430676
430680
430690
430692
430695
430693
430697
430700
430705
430720
430730
430740
430745
430750
430755
430760
430770
430780
430781
430783
430786
430790
430800
430805
430807
430810
430820
430825
430830
430840
430843
430845
430850
430860
430865
430870
430880
430885
430890
430900
430905
430910
430912
430915
430920
430925
430930
430940
430950
430955
430710
430957
430960
430965
430970
430975
430980
430990
430995
431000
431010
431020
431030
431033
431036
431040
431041
431043
431046
431050
431053
431055
431057
431060
431065
431070
431075
431080
431085
431087
431090
431100
431110
431112
431113
431115
431120
431123
431127
431130
431125
431140
431142
431150
431160
431162
431164
431171
431170
431173
431175
431177
431179
431180
431190
431198
431200
431205
431210
431213
431215
431217
431220
431225
431230
431235
431237
431238
431240
431242
431244
431245
431247
431250
431260
431261
431262
431265
431267
431270
431275
431280
431290
431295
431300
431301
431303
431306
431308
431310
431320
431330
431333
431335
431337
431349
431339
431340
431342
431344
431346
431350
431360
431365
431370
431380
431390
431395
431400
431402
431403
431405
431406
431407
431410
431413
431415
431417
431420
431430
431440
431442
431445
431446
431447
431449
431450
431454
431455
431460
431470
431475
431477
431478
431480
431490
431500
431505
431507
431510
431513
431514
431515
431517
431520
431530
431531
431532
431535
431540
431545
431550
431555
431560
431570
431575
431580
431590
431595
431600
431610
431620
431630
431640
431642
431643
431645
431647
431650
431660
431710
431670
431673
431675
431680
431697
431690
431695
431720
431725
431730
431700
431740
431750
431760
431770
431755
431775
431780
431790
431795
431800
431805
431810
431820
431830
431840
431842
431843
431844
431845
431846
431848
431849
431850
431860
431861
431862
431870
431880
431890
431900
431910
431912
431915
431920
431930
431935
431936
431937
431940
431950
431960
431970
431971
431973
431975
431980
431990
432000
432010
432020
432023
432026
432030
432032
432035
432040
432045
432050
432055
432057
432060
432065
432067
432070
432080
432085
432090
432100
432110
432120
432130
432132
432135
432140
432143
432145
432146
432147
432149
432150
432160
432162
432163
432166
432170
432180
432183
432185
432190
432195
432200
432210
432215
432218
432220
432225
432230
432232
432234
432235
432237
432240
432250
432253
432254
432252
432255
432260
432270
432280
432285
432290
432300
432310
432320
432330
432335
432340
432345
432350
432360
432370
432375
432377
432380