500020
500025
500060
500070
500080
500085
500090
500100
500110
500124
500150
500190
500200
500210
500215
500220
500230
500240
500260
500270
500280
500290
500295
500310
500315
500320
500325
500330
500345
500348
500350
500370
500375
500380
500390
500400
500410
500430
500440
500450
500460
500470
500480
500490
500500
500510
500515
500520
500525
500540
500560
500568
500570
500580
500600
500620
500625
500627
500630
500635
500640
500660
500690
500710
500720
500730
500740
500750
500755
500769
500770
500780
500790
500793
500795
500797
500800
500830
500840