510010
510020
510025
510030
510035
510040
510050
510060
510080
510100
510120
510125
510130
510140
510160
510170
510180
510185
510190
510250
510260
510263
510267
510268
510269
510270
510279
510285
510300
510305
510310
510320
510325
510330
510335
510336
510337
510340
510343
510345
510350
510360
510370
510380
510385
510390
510395
510410
510420
510450
510452
510454
510455
510460
510480
510490
510500
510510
510515
510517
510520
510523
510525
510530
510550
510558
510560
510562
510590
510600
510610
510615
510617
510618
510619
510620
510621
510622
510623
510624
510625
510626
510627
510628
510629
510630
510631
510637
510642
510645
510650
510665
510670
510675
510677
510680
510682
510685
510700
510704
510706
510710
510715
510718
510719
510720
510724
510726
510729
510730
510735
510740
510757
510760
510770
510774
510775
510776
510777
510779
510780
510785
510787
510788
510790
510792
510794
510795
510800
510805
510810
510820
510830
510835
510840
510850
510860
510880
510885
510890
510895