520005
520010
520013
520015
520017
520020
520025
520030
520050
520055
520060
520080
520082
520085
520090
520110
520120
520130
520140
520145
520150
520160
520170
520180
520215
520235
520250
520260
520280
520310
520320
520330
520340
520350
520355
520357
520360
520380
520390
520393
520396
520400
520410
520420
520425
520430
520440
520450
520455
520460
520465
520470
520480
520485
520490
520495
520500
520505
520510
520520
520530
520540
520545
520547
520549
520551
520552
520570
520580
520590
520620
520630
520640
520650
520660
520670
520680
520690
520710
520725
520735
520740
520750
520753
520760
520780
520790
520800
520810
520815
520830
520840
520850
520860
520870
520880
520890
520910
520915
520920
520929
520940
520945
520960
520970
520980
520990
520993
520995
521000
521010
521015
521020
521030
521040
521056
521060
521080
521090
521100
521120
521130
521140
521150
521160
521170
521180
521190
521200
521205
521210
521220
521225
521230
521250
521260
521270
521280
521290
521295
521300
521305
521308
521310
521340
521350
521370
521375
521377
521380
521385
521390
521400
521405
521410
521440
521450
521460
521470
521480
521483
521486
521487
521490
521500
521520
521523
521525
521530
521540
521550
521560
521565
521570
521580
521590
521600
521630
521640
521645
521680
521690
521710
521720
521730
521740
521760
521770
521800
521805
521810
521830
521839
521850
521860
521870
521878
521880
521890
521900
521910
521920
521925
521930
521935
521940
521945
521950
521960
521970
521971
521973
521975
521980
521990
522000
522005
522010
522015
522020
522026
522028
522040
522045
522050
522060
522068
522070
522100
522108
522119
522130
522140
522145
522150
522155
522157
522160
522170
522180
522185
522190
522200
522205
522220
522230